1003715054175576
1013870087888817
1023820165155391
1073931538936472
1077622576192810
1087468642191606
1089479586475600
1101164752077181
1107936587129946
1126571863414211
1128536627506856
1134742235676586
1137926374621536
1144894232607400
1155726765596507
1156998467006869
1165413984579076
1167475218806361
1169271395749970
1191702776174515
1210872963953886
1221421251374063
1222730774437945
1224132812823172
1228288249952859
1250832548098023
1254472912142815
1261411767321605
1264384810841217
1281918894315694
1284450389976622
1295205764436116
1301519430111888
1312823087473107
1326817464191542
1337293370722685
1363526625562684
1368742094369263
1375199270298437
1380553699881195
1388343943378591
1402909379316770
1409322756311484
1420382222148431
1428403246999020
1459700728665333
1461675388467265
1464551767416747
1468686791689484
1475826831184689
1488824811225438
1489635379898079
1492903951796501
1498307521782517
1501541842357388
1505998080559428
1508274565891207
1538309249157612
1540571164649072
1548924125935895
1551312972663650
1562104682001408
1571950024675150
1582804611799136
1615829389733620
1627133998042765
1654474816562824
1655819415123756
1664685555838993
1668261999348087
1688895281144247
1691402616456783
1701518284353388
1702788839758517
1713761471587217
1716846938844184
1740452094861972
1742293159722384
1761568277897366
1786706888116468
1790418788918417
1800690977956392
1808965499397505
1809105277432987
1818161941088271
1827724345844879
1828893451751906
1838946782417200
1845720274833905
1865432240591358
1896197396507201
1897978162924096
1916247437596108
1930721677192144
1943216273885700
1981294676906345
1985465879991560
1991581570861050
1997929794676601
2000422161074606
2006318724037943
2009239634184904
2011225415908789
2012803986778779
2015751582522409
2018846126249619
2020458328196357
2025583437341338
2035931394067428
2053649899928978
2061754198464906
2065958041391621
2078460270025590
2082491371163072
2089905184376958
2095640259001271
2109905364259199
2129295395003567
2141766487923280
2143299125896595
2159761840702960
2170125942816920
2197407580768462
2206106834866031
2216132730528773
2217812082379607
2218504565462778
2221202850421562
2229356545413340
2238144513466760
2239759218122779
2241726319111705
2246920751887814
2250292384508608
2260531719298071
2267974573364254
2290290643257636
2300367582228844
2303171755251168
2318279413327098
2319535367187634
2324277636337514
2340521163476561
2341891378416287
2377857415001409
2396988576748662
2407349078067156
2409669868254522
2420143847731044
2440730617592819
2441100449108586
2469800015876540
2473526792975445
2519792944246796
2544794177165766
2548694161694583
2557172553412520
2596862660671371
2600687426901365
2617818479902672
2620704021218241
2625359414931381
2635734164793243
2639660431498464
2647136239925128
2672797853275095
2689382042733559
2692109715166166
2698111742263426
2718893247424677
2737987462573599
2743655125021019
2760867830405786
2800799152896633
2805299759365579
2817353387367914
2824840080919615
2848482178783636
2853112388344894
2899375199449433
2921263077776915
2925559987432581
2932839780724266
2941992413383931
2954456265698260
2964226721442922
2995243184388559
3000865854914214
3002135240381800
3015736744626726
3028140595406023
3046519985237274
3051234642059526
3053439628501145
3070283164295984
3084925533151405
3086742415895605
3091243789501733
3125397457087333
3126713197438541
3129775937278112
3130956058854105
3141741552082614
3153643853817761
3197366545608306
3198356899091665
3199929867863316
3208666010319493
3222599265756712
3224706753595872
3238229810297729
3252422521439823
3253141560871065
3259748360353854
3269417514626180
3283780398702017
3297156822354843
3306399358832671
3311276221301887
3317657129455475
3340974252743524
3342907490282079
3344214228396727
3352988767824026
3357251116163441
3367848759678576
3384913269838299
3410360221015707
3413946891046800
3417477890619483
3424173121597094
3436245968389889
3448348878698904
3454193028012809
3457862814915595
3458282373086860
3481671427731175
3486363890209406
3489836158322637
3506311286355533
3511407381857380
3514909947941558
3517760483459935
3520225040306995
3539204020033123
3541586324828319
3551280959338794
3552650080971064
3569775399128772
3575809678541644
3598888231646460
3612614294719592
3613345325704319
3616329710798175
3645572182845204
3658664738766077
3662455495779947
3677501628719542
3696717918927642
3702831934212129
3707548197703686
3709941163857886
3714863719798369
3731792856728063
3736320383919103
3738695168506613
3742680218482691
3765967291056122
3769271071419194
3787622376078564
3796907537369905
3801374660832282
3805530354015938
3815394949163663
3817731837557664
3824313030996787
3831759517786458
3836251327914201
3846448423306515
3862898177506617
3870380583282871
3871110336988202
3877689042636086
3902105116692669
3907281016803810
3917492344376650
3924829195486659
3951632727431524
3954565279762367
3966556370103795
3970322957269847
3972528153355730
3992365863289344
3999331922264962
4003356110638356
4008221261662791
4019546939071295
4025320586621760
4026696367506082
4027126453841428
4048301611162722
4050952261377140
4060233054263467
4074760985342487
4101798991332958
4114566748837655
4140252840629305
4141302078555386
4157980693234568
4159662672178300
4168922642514119
4171614982554774
4172354071638301
4186963117247464
4213842418098364
4217808221875420
4222257296924178
4226229431544062
4227572855159541
4232565960027650
4233789026286017
4234505022072368
4235114373687107
4251786088548131
4265201268681111
4270238553541882
4281752431928501
4282781825761856
4289208456528903
4290726060535834
4296246438604183
4302633772248169
4307439154071927
4309494627223049
4313788156475922
4320721997102152
4333830558305665
4339853010378399
4341436577635619
4356584115636738
4386321242706043
4401901448192965
4403429977563696
4439982514963965
4441810945214262
4496398325375529
4505833195983226
4513504763542143
4516569913607412
4521667837475463
4531548899489219
4539200319153652
4546345297067747
4570155620446594
4616880410668126
4639173013775632
4662285575534520
4663577652761810
4664185471467111
4666866933569419
4672118413151569
4682464059155194
4688258194581749
4690759158535050
4705966876787269
4710393737306304
4718224894234489
4722888325136251
4742690566857474
4744743520431714
4747886986038458
4749889059323202
4755187966465702
4760865394229236
4761149767499742
4766210145946696
4769264372531012
4779104415243065
4780225344761787
4787957227319660
4792676311859858
4795379267919800
4798124560973632
4803218554363943
4832198644199161
4833760023644511
4876614541242383
4890937775145245
4893545347026703
4901899458549426
4904685164839326
4931351520825852
4933910876032607
4936380626945447
4954103748307036
4982870431606503
5000268333411354
5013753958362344
5016712448423893
5022294487953183
5027662896498929
5046524059181009
5059189477453448
5061349615705175
5073807444974852
5079406362483117
5080999416077253
5098511582643613
5105236644344510
5132270021326600
5133871386101527
5142934429645149
5163439090127213
5166438433672591
5171595359553508
5175507030601876
5177967593503491
5178912386959057
5179741011136232
5193447888327490
5201123369816877
5208989390764870
5213801443993459
5228380053135598
5229488282763963
5247358861329350
5255734714016352
5275410446848007
5285935774074579
5286504827011372
5290774753899753
5292968988475633
5293204730208718
5308904973935901
5320791639135601
5339470339859139
5342740779739467
5353425661157701
5356282040111031
5364469336425108
5365966946601761
5376655964161192
5389746962267460
5405790922747020
5426980759755351
5427757726611889
5433491746431814
5446645498913605
5449610971108305
5453745952738769
5458162124475323
5468123853913421
5494958749848869
5514508235368997
5527951937235136
5533884728934194
5537697283153819
5552770653002916
5609767247461337
5617658887579781
5644143320838397
5654948589485821
5659288348108211
5664450038929347
5666241810779885
5667345463662229
5684510881502693
5686317975615926
5697145338404683
5700924993541613
5705142797618710
5709824612342078
5717872686412990
5721265318199034
5730606033377949
5739635764702223
5759828179208154
5762108118035491
5766495283121226
5780268975765473
5783648852115715
5790900556949261
5798102379533575
5808568142475251
5814955316793393
5827454659596708
5828448317363869
5836753091038481
5849111629036386
5862371394578648
5864242444135997
5872602762998578
5876686859794608
5891245628237787
5918282832042862
5924922891293495
5929569085404951
5930630722779265
5948940271342611
5960629082676983
5961248174929633
5993120257934794
5999629725471339
6013984457072930
6058125552802074
6063334769611138
6075288092815423
6120484619552052
6126515498577720
6154164379665055
6156698325995733
6160860237001016
6161580285936095
6162758085256721
6164143160904912
6186951577719336
6201975636402458
6202290276245949
6205219558117674
6214915371897876
6215912685151625
6216751190381521
6225921585766163
6235292123992652
6239589776969686
6244656436085734
6245684915925010
6256736424616777
6266705123601799
6270963060103806
6286633870767123
6295994752468225
6303154567927815
6310725288144157
6319530478989228
6325419957422105
6354366482171744
6379790667727929
6388959096068998
6400102930973570
6404482075284890
6422651895848072
6423417855132625
6447142363937125
6455247676775228
6457362521948249
6465194079012865
6480602940038149
6483234875464386
6488510088679104
6495847936021430
6499168840378342
6514175342145589
6515359867298603
6521271718368276
6596857396468224
6598829254424957
6615733467016631
6631838888901006
6636937316963132
6640710366086702
6661995519399289
6667627884219652
6698437277931525
6702862097534967
6703587278204507
6714811165769097
6732485122573267
6744701624115884
6748216777495177
6756817030435521
6780209767452752
6804279646781269
6806677056951330
6819174647393472
6838971510538393
6841733273104926
6849482510053541
6863464532297009
6872461016514653
6873200773836131
6891610450164077
6898559558056681
6933786855515871
6935346241885581
6938265066782069
6945217470076371
6959222140366866
6962185392737245
6967355131453039
6975663682594960
6988573032633097
7009880545491603
7011626867998686
7030584443306096
7035768975773980
7036919029144120
7045277863044303
7053196367895112
7062171597079225
7073490367448189
7081424943873587
7087720787493988
7096354853697942
7102237366403671
7103682245071504
7115509751643442
7124999548487126
7126435777387607
7131626365886872
7142411144219620
7180893798762595
7186723485093836
7193900293112316
7195601645654041
7200349472931713
7239424032193412
7242139332065500
7246108290515977
7253140926151893
7285338329726630
7304413635737386
7314396346539895
7325119954636745
7334481986999944
7344275932115101
7356547139163401
7392714892073628
7429421121062150
7446346770123339
7452262324088889
7459970825011990
7461673920587452
7470859729993000
7479546374341294
7482288151831611
7489457910592208
7493277950441213
7506181666311196
7524708568363224
7528857656894738
7544799337394642
7546186362815170
7553474181965140
7578127974417334
7581688456986723
7596392338837497
7598247814165987
7623592082548014
7628993515975118
7636362072432217
7640392875963406
7642492194434148
7649237198931106
7651566467203216
7675526470884968
7685625385316960
7687658687382923
7688291064116663
7700703753605708
7710564188096682
7711805422759137
7716741324008377
7728317158402059
7736882353171315
7745651081413913
7757977389711023
7765780560269150
7768299333443860
7769265222348528
7781508495272974
7785144321913880
7787919251739915
7794694461432561
7798370940858637
7802709536607734
7804216189681274
7805761625362663
7809589434909452
7810782077858620
7811700299325879
7831664021861519
7838554896273468
7862780183667956
7869254138083290
7874281252875041
7877869810457796
7898918688943986
7916370876622524
7927809297669234
7930309756035775
7961700524971531
7962835535781875
7968925716431446
7996607928053715
8010549689039719
8011569676936865
8013107372772424
8016323385451014
8028935620354401
8032811535391112
8035759955465736
8088335924434698
8089806479424934
8108798437651256
8123289635641903
8137811493121777
8152578549627680
8162218322673975
8185822588605701
8186338691607752
8197260029891556
8221913653327075
8236301184896933
8239191573771235
8246842555809242
8259854075192493
8290434690016513
8295403590944723
8308288662905313
8311886363156679
8319213328536757
8320217550615334
8325153881531522
8334770465025305
8338845492364614
8353267890887335
8359628052869851
8364327933036701
8400351495711483
8409627988583176
8413908390816172
8414741953111383
8415836921156758
8449977471766380
8450891535792894
8505335594767160
8516934048339373
8526940090693523
8533111210766809
8534199181434464
8535612911733195
8536914250563809
8540644680323289
8550977182819809
8553746017036332
8561516016778095
8567390858674031
8569454397966652
8571851067025602
8595793418524025
8596603091812656
8618599746674974
8625961993043126
8675614747234783
8699513399693713
8702495698901225
8707235956924043
8736638781823948
8746120498341854
8765140629962839
8774466977695404
8779597037686839
8822567299944562
8864950135729370
8867710239543529
8886885444601763
8889611665372298
8894346622126012
8924903425751823
8930627115152996
8938296722055540
8955392958618753
8990491830039318
8997872842487770
9021391556427712
9031216392913950
9043793084665932
9066991493609928
9074496478473876
9076783251687962
9081330229975376
9101701756819166
9119845117528812
9182297359077336
9194498820553808
9224205015351942
9232624030914708
9245298182395396
9246395935309352
9254188841656040
9256164582502904
9258505119361784
9264972320343248
9271294569681900
9273979691375096
9304374049217870
9309465343004132
9310902645401474
9311226148341480
9336370388304846
9355177312625020
9375103964985968
9383760568579492
9389953638589188
9397534897596052
9426548622589628
9430574789596024
9449500138776236
9459985559411130
9460261785948036
9465925894275276
9466839319443564
9472892860209244
9474570595942268
9492326065816276
9528285469413252
9532228141038472
9547718659524868
9548629685194612
9552288592156524
9560420950294884
9587972953044328
9591503562024072
9594995194184360
9595658147867468
9613939883867952
9617911327709708
9621317412072412
9635686158177722
9644781126679504
9657365357231404
9678367852258782
9681744051023898
9683778679967012
9697976691448340
9698400826549648
9711468735134956
9722420012449776
9750493074217554
9755306333757844
9757152469896436
9758203643408520
9784236961027780
9791737612737164
9802875887295518
9804141847583936
9816797152028230
9818730572429186
9836548369808504
9837774113787236
9851955447362962
9854872265114976
9855217884613002
9867492085978660
9884182241594028
9938969980242308
9946917923319410
9958678964376192
9961694231875562
9981251982982618
9986135779184360
